ETTh1_336_96_DLinear_ETTh1_ftM_sl336_ll48_pl96_dm512_nh8_el2_dl1_df2048_fc1_ebtimeF_dtTrue_Exp_0  
mse:0.37482473254203796, mae:0.39947351813316345, rse:0.5815243721008301, corr:[0.28027377 0.28031155 0.28157777 0.28011224 0.2773704  0.27562496
 0.27281883 0.27223688 0.27268052 0.27241322 0.27140152 0.27146235
 0.2714798  0.27137828 0.2718031  0.27099338 0.27078196 0.27198946
 0.27270213 0.27227888 0.2717349  0.27124253 0.27055848 0.27132353
 0.27069214 0.26992583 0.2708412  0.27067327 0.2703687  0.26984832
 0.2690822  0.26912335 0.26915732 0.26884556 0.26879895 0.2691954
 0.2692613  0.26928452 0.27042288 0.27026296 0.2703103  0.27026257
 0.27034986 0.27037457 0.2697859  0.27029338 0.27024716 0.27064446
 0.27038103 0.26941386 0.268612   0.26730594 0.26599896 0.26460168
 0.26365417 0.26393765 0.26386586 0.26343656 0.2632761  0.26340607
 0.2636525  0.26365027 0.2637884  0.26364952 0.26313066 0.2629697
 0.26317823 0.26315305 0.26289967 0.26205036 0.26222298 0.26326334
 0.26264828 0.26145408 0.2606394  0.26042062 0.25993538 0.2593883
 0.25901797 0.25888857 0.2588834  0.25804698 0.25741062 0.2571733
 0.25743252 0.2576665  0.25835663 0.25807714 0.25778776 0.25778055
 0.25783822 0.25730413 0.2568182  0.25700766 0.25714272 0.25813648]

ETTh1_336_192_DLinear_ETTh1_ftM_sl336_ll48_pl192_dm512_nh8_el2_dl1_df2048_fc1_ebtimeF_dtTrue_Exp_0  
mse:0.40548211336135864, mae:0.4158572554588318, rse:0.6046966314315796, corr:[0.2705873  0.2712098  0.27220917 0.27187264 0.2699179  0.2673457
 0.26500246 0.26484576 0.26452038 0.2642745  0.26438615 0.26423475
 0.26428097 0.26415908 0.26420745 0.2640945  0.26431084 0.26402405
 0.26387805 0.2632988  0.26309237 0.26285508 0.26307037 0.2639387
 0.26349866 0.26290587 0.26244244 0.26210478 0.2617842  0.2618376
 0.26130995 0.26093742 0.2606616  0.26061895 0.26044354 0.2609104
 0.26095444 0.26082486 0.26152456 0.26168346 0.2616022  0.26186627
 0.26221907 0.26155913 0.26179716 0.26161113 0.2615162  0.2623495
 0.26192677 0.26095432 0.2602528  0.25879368 0.25785875 0.2571006
 0.25624254 0.25604698 0.2558036  0.25554672 0.2555195  0.25585946
 0.25585794 0.25582802 0.25567704 0.25557464 0.2554446  0.2556055
 0.255967   0.25573742 0.2557797  0.2555372  0.2555086  0.25586858
 0.25533873 0.2539767  0.25334367 0.25254226 0.25230643 0.25189754
 0.25129673 0.2508259  0.25056994 0.25024903 0.2503276  0.25031665
 0.25005952 0.2502902  0.2504011  0.25040343 0.25006184 0.25005558
 0.25015107 0.25003308 0.249941   0.24996896 0.2500359  0.25079343
 0.25168642 0.25138018 0.2514738  0.2507946  0.25068894 0.25072268
 0.2502291  0.25018823 0.2500549  0.2498187  0.24943192 0.24961667
 0.24956582 0.24951936 0.24957763 0.24982126 0.25010297 0.2503804
 0.25021815 0.25014344 0.25000936 0.24980368 0.24969666 0.24983346
 0.24970075 0.24854289 0.24793018 0.24682866 0.24650301 0.2461586
 0.2457264  0.24571316 0.2457819  0.24539071 0.24488437 0.24466617
 0.24456406 0.24456334 0.24487641 0.24499187 0.24484836 0.24496402
 0.24515377 0.2450597  0.24497904 0.24498199 0.24489348 0.24501291
 0.244731   0.24348754 0.24284254 0.24176934 0.24129012 0.24106881
 0.24077287 0.24079244 0.24078669 0.2407465  0.24077442 0.24077849
 0.24040739 0.24043803 0.24084148 0.2409649  0.24061121 0.24062552
 0.2408472  0.24083343 0.24099728 0.24113284 0.24126115 0.24196988
 0.24196655 0.24136156 0.24132085 0.24128324 0.24104357 0.24086282
 0.24087106 0.2408177  0.24123223 0.24097553 0.2409786  0.24095617
 0.24080947 0.24071945 0.24071606 0.24068065 0.24085245 0.24112463
 0.24157369 0.241935   0.24226846 0.24266389 0.24257913 0.24306944]

ETTh1_336_336_DLinear_ETTh1_ftM_sl336_ll48_pl336_dm512_nh8_el2_dl1_df2048_fc1_ebtimeF_dtTrue_Exp_0  
mse:0.43851274251937866, mae:0.4427293539047241, rse:0.6304432153701782, corr:[0.2623517  0.26259062 0.26338863 0.26238465 0.25952303 0.256714
 0.25371236 0.25321904 0.252262   0.25320256 0.25278315 0.25295305
 0.25285327 0.25267926 0.2526172  0.25169903 0.25180107 0.2522659
 0.25222933 0.2520547  0.25256994 0.25210652 0.2520522  0.25316784
 0.2535283  0.25336292 0.25291398 0.2520537  0.25101084 0.25057265
 0.24991298 0.24916032 0.24929674 0.24906588 0.2489686  0.2489247
 0.24983123 0.24947865 0.24985181 0.24911642 0.24975382 0.24926022
 0.24961317 0.24943893 0.25016946 0.25058624 0.2508653  0.25199667
 0.25175175 0.25125453 0.25055912 0.24925518 0.24802403 0.24717197
 0.245307   0.24570026 0.24566236 0.24545969 0.24515897 0.2452836
 0.24485058 0.24443753 0.2445116  0.24426608 0.2443868  0.24432302
 0.24471967 0.24428953 0.24459057 0.24491544 0.2443854  0.24533626
 0.24453554 0.2433201  0.2432315  0.24290012 0.2415665  0.24164897
 0.24117254 0.24084716 0.24091792 0.2407352  0.2403938  0.23996778
 0.23940393 0.23922093 0.23971783 0.23992917 0.2397899  0.2397865
 0.23952572 0.23988481 0.23930591 0.23995157 0.23948683 0.24005713
 0.23998271 0.23948486 0.23987173 0.24016668 0.24015203 0.2403419
 0.24024129 0.24056818 0.24085964 0.24056707 0.24056803 0.24017522
 0.24072725 0.2404624  0.24058741 0.24085087 0.24079707 0.24046084
 0.24031752 0.2401919  0.24038696 0.24000674 0.23946026 0.23991913
 0.2403549  0.24012132 0.23982556 0.23844314 0.23730479 0.23712254
 0.23680128 0.23622195 0.23533402 0.23551644 0.23557235 0.23483883
 0.23550995 0.23524743 0.2352148  0.2344185  0.2341872  0.23458208
 0.23485494 0.2353586  0.23458746 0.23459432 0.23448297 0.23573795
 0.23558028 0.23547027 0.2357983  0.23414291 0.23327734 0.23258863
 0.23194912 0.23200847 0.2317873  0.23152028 0.2314706  0.23172852
 0.2319142  0.23183867 0.23197278 0.23205641 0.23215108 0.23197824
 0.23268983 0.23299031 0.23297426 0.2334172  0.23300685 0.23412248
 0.23515722 0.23494042 0.23549122 0.23447473 0.23329043 0.23319335
 0.23298    0.23209749 0.23174097 0.23170105 0.2317977  0.23199508
 0.23212934 0.23283598 0.23277664 0.23277123 0.23318261 0.23446514
 0.23477326 0.23503713 0.23495771 0.235337   0.23594806 0.2366571
 0.23669967 0.23561563 0.23471765 0.23378523 0.23321167 0.23298754
 0.23261352 0.23253338 0.2325003  0.23234533 0.23215993 0.23183292
 0.23203275 0.23136725 0.23125887 0.23167108 0.23201235 0.2313381
 0.23149069 0.23129217 0.23061723 0.23059411 0.230048   0.23070817
 0.23070908 0.23018673 0.2301511  0.2293627  0.22863062 0.22903173
 0.22835816 0.22874841 0.22896437 0.22888906 0.22857544 0.22856171
 0.22806978 0.2270258  0.22707874 0.22711396 0.22720434 0.22724673
 0.22739919 0.22804119 0.2280936  0.2277764  0.22750442 0.2281134
 0.22749299 0.2271233  0.2281863  0.22793457 0.2272874  0.22769876
 0.22819887 0.22836958 0.22741795 0.2274609  0.22706479 0.22739337
 0.22612008 0.22566506 0.22578107 0.22569789 0.22500674 0.22465192
 0.22514081 0.22446111 0.22555782 0.22500695 0.22462085 0.22597186
 0.2259433  0.2258703  0.2254279  0.22462972 0.2240946  0.22504592
 0.22495426 0.22527239 0.22481464 0.22444925 0.22520572 0.22506484
 0.22613923 0.22623518 0.2256195  0.22516157 0.22395757 0.22397383
 0.22425103 0.2248329  0.2240658  0.22550824 0.22532547 0.2262478
 0.22642915 0.22628048 0.22682527 0.2254578  0.22557928 0.22580531
 0.22608486 0.22573617 0.22594412 0.22581287 0.22522683 0.22478132
 0.22419988 0.22373214 0.22376174 0.22405443 0.22431117 0.22563335
 0.22523192 0.22628243 0.22676168 0.22675008 0.22554299 0.2260384
 0.22588949 0.22614166 0.22561239 0.22519292 0.2243788  0.22382039
 0.22413251 0.22381732 0.22384003 0.22356226 0.223044   0.22302079
 0.22375377 0.22447948 0.22426976 0.2241152  0.22437194 0.2236111
 0.22440106 0.2243757  0.22416928 0.22401662 0.22449555 0.22500904]

ETTh1_336_720_DLinear_ETTh1_ftM_sl336_ll48_pl720_dm512_nh8_el2_dl1_df2048_fc1_ebtimeF_dtTrue_Exp_0  
mse:0.4719056785106659, mae:0.49024033546447754, rse:0.6576474905014038, corr:[0.2352855  0.23568816 0.23764251 0.2372197  0.23595607 0.233959
 0.23236978 0.23321956 0.23327817 0.23305269 0.23303989 0.23290029
 0.23294294 0.23243728 0.23230402 0.23203237 0.23172191 0.23162797
 0.23118581 0.23085754 0.2308228  0.23088785 0.23091857 0.23193395
 0.23200011 0.23186395 0.23201436 0.23192461 0.23176876 0.23149484
 0.23098403 0.23047942 0.23044123 0.23009445 0.22985551 0.229892
 0.23021345 0.23008275 0.23020577 0.2301588  0.23000202 0.23033613
 0.23048967 0.23047434 0.23080066 0.23092666 0.23100697 0.23173335
 0.23181827 0.23130792 0.23089197 0.22992352 0.22945705 0.22877078
 0.2280775  0.22810598 0.22748484 0.22725241 0.22677204 0.22667053
 0.22650085 0.22609802 0.22608948 0.2259668  0.22609325 0.2263286
 0.22640958 0.22631952 0.2262418  0.2260825  0.2260014  0.22635114
 0.22600882 0.22507924 0.2246574  0.22416909 0.22367655 0.22346851
 0.22319843 0.22296177 0.22288996 0.22273558 0.22250523 0.22219226
 0.22197407 0.22169147 0.22170271 0.22156642 0.22144485 0.2213778
 0.22114217 0.22090408 0.22082599 0.22090346 0.22122714 0.2219941
 0.22325164 0.22379068 0.22487491 0.2249719  0.2253478  0.22547139
 0.22524786 0.22512166 0.22494306 0.22474305 0.22442812 0.22410297
 0.2237496  0.22345075 0.22360009 0.22374606 0.2238512  0.22380093
 0.22382206 0.22372983 0.22380376 0.22382928 0.22377323 0.22408639
 0.22417255 0.2236618  0.2232636  0.22249238 0.2219988  0.22194737
 0.22149816 0.22132704 0.22130282 0.22090335 0.22047223 0.22022097
 0.22005664 0.21974196 0.21986638 0.21973455 0.21978551 0.21967883
 0.21969905 0.21962793 0.21962193 0.21964945 0.21954177 0.21989512
 0.21986999 0.21906406 0.21893504 0.21824935 0.2175498  0.21716645
 0.21666324 0.21684769 0.21671419 0.21692762 0.21677585 0.21669346
 0.21652769 0.21630049 0.21654949 0.21648791 0.21611418 0.21627831
 0.2163979  0.21648912 0.21661408 0.2167424  0.21689051 0.21731493
 0.21803232 0.21790951 0.2184825  0.21859232 0.21861914 0.21862918
 0.21844327 0.21838728 0.21836442 0.21832488 0.21821703 0.21822058
 0.21823198 0.218111   0.21833664 0.21833454 0.21846059 0.21864724
 0.2188331  0.21907617 0.21929197 0.21934545 0.21951704 0.21995725
 0.21975097 0.21894287 0.21847166 0.21800531 0.21739274 0.21703999
 0.21663465 0.21655942 0.21666215 0.21663502 0.21626562 0.21641909
 0.21614517 0.21587549 0.21631585 0.21619105 0.21594834 0.21585841
 0.21575856 0.21563202 0.2152712  0.21512333 0.21489292 0.21496843
 0.21473232 0.21436639 0.21433888 0.21371593 0.21357486 0.2134197
 0.21298173 0.21281677 0.21280284 0.21268262 0.21238957 0.21246952
 0.21193483 0.21164547 0.21165493 0.2113987  0.21121441 0.21085855
 0.21065979 0.21024323 0.21031141 0.21003146 0.21020974 0.21032993
 0.21041393 0.21047287 0.21096468 0.21091792 0.21096894 0.2112237
 0.21117656 0.21087411 0.21080127 0.21070598 0.21042067 0.21025681
 0.21012004 0.20997253 0.21048404 0.2104578  0.21052526 0.2108137
 0.21087573 0.21053226 0.21046829 0.21019639 0.21012987 0.21026948
 0.21026736 0.20977634 0.20995682 0.20947023 0.20966522 0.20962082
 0.20924129 0.20945661 0.20928983 0.20916836 0.20933443 0.20926498
 0.20926116 0.2096072  0.20956868 0.20963266 0.20940886 0.2094211
 0.20929432 0.20891377 0.20920558 0.20907436 0.20901762 0.20960315
 0.20974283 0.21009555 0.2108721  0.21120474 0.21125539 0.21144712
 0.21141204 0.21180923 0.21195543 0.21193263 0.21182764 0.21186374
 0.21183163 0.21166416 0.21175446 0.21188417 0.21173763 0.21186157
 0.21189527 0.21165012 0.21179645 0.21159871 0.21151474 0.21176435
 0.21228008 0.21209574 0.21231599 0.21208484 0.21196455 0.21178675
 0.21124737 0.21101014 0.21081954 0.21086803 0.21062519 0.21077959
 0.21096256 0.21090057 0.21121404 0.21122395 0.21110561 0.21117452
 0.21124196 0.2113243  0.21122186 0.2110132  0.21066925 0.21087599
 0.21088304 0.21064043 0.21101885 0.21068014 0.21083218 0.21074685
 0.21048097 0.21032779 0.21039107 0.2101145  0.21028629 0.2105798
 0.21074589 0.21051666 0.21085046 0.21090059 0.21082737 0.210739
 0.21076483 0.2104201  0.21045269 0.21002963 0.20972794 0.20984769
 0.20938842 0.20910095 0.20946646 0.2090938  0.20875593 0.20862153
 0.20840257 0.20814224 0.20794535 0.20769684 0.20796397 0.20790423
 0.20768596 0.20722641 0.20743652 0.20696568 0.206604   0.20666748
 0.20659214 0.20637216 0.20612474 0.20603459 0.20575936 0.20608392
 0.20671159 0.20767339 0.20889881 0.20883134 0.20920625 0.2089807
 0.20878357 0.20867623 0.20867246 0.20810437 0.20793551 0.20838323
 0.2079255  0.20808512 0.20806628 0.20812607 0.20781963 0.20801462
 0.20830566 0.20814891 0.2082789  0.20822112 0.20796596 0.20851606
 0.20900613 0.2093045  0.20977233 0.20989168 0.20989977 0.21006927
 0.21000975 0.20974915 0.20973378 0.20948975 0.20959081 0.20970388
 0.20984136 0.20969182 0.20972808 0.2096577  0.20941427 0.20946485
 0.2096732  0.20960599 0.20926362 0.2091052  0.20902771 0.20927247
 0.2092081  0.20987935 0.21029255 0.21002671 0.21022442 0.21041067
 0.2104339  0.21040246 0.21049088 0.21013051 0.20976022 0.21005265
 0.21027917 0.21015216 0.21045385 0.21042715 0.21026716 0.21011823
 0.21006846 0.20987827 0.20961301 0.20976785 0.2095012  0.21046352
 0.21101587 0.21157442 0.21186619 0.21178956 0.2113623  0.2113413
 0.21067213 0.21035463 0.21037313 0.21034686 0.21048659 0.21095823
 0.21093003 0.21088411 0.2111441  0.21138623 0.21101837 0.21118137
 0.21131985 0.21113618 0.21102235 0.21087033 0.21068044 0.21109813
 0.21127507 0.21099325 0.21101086 0.21054706 0.21072176 0.21075809
 0.21053475 0.21050003 0.21053521 0.21042146 0.210404   0.21023904
 0.2102525  0.2102986  0.21030822 0.21047042 0.21041314 0.21034013
 0.21026336 0.21023692 0.2101157  0.20995805 0.20995183 0.21088487
 0.21161102 0.21240681 0.21318948 0.21331845 0.21351586 0.21331203
 0.21285206 0.21227401 0.21203853 0.21156117 0.2113235  0.21162342
 0.21147396 0.21148862 0.21189791 0.21190202 0.21196574 0.21221277
 0.21216485 0.21221578 0.21246988 0.21239577 0.21265334 0.21368946
 0.21430598 0.21408993 0.21443751 0.21445864 0.21443476 0.21402904
 0.21340513 0.21313675 0.21302155 0.21278013 0.21277578 0.2129817
 0.21269614 0.2126161  0.21307781 0.21328272 0.21344393 0.2135864
 0.21355405 0.21350619 0.21332884 0.21310377 0.21273941 0.21287613
 0.2127976  0.21229152 0.21242227 0.21184199 0.21135387 0.21083806
 0.21048456 0.21004695 0.20980014 0.20936087 0.20893024 0.208803
 0.20855178 0.20842071 0.2085233  0.2082982  0.2081372  0.20815931
 0.20830435 0.20825961 0.20828594 0.20823118 0.20821807 0.20900099
 0.2089841  0.20874986 0.2085705  0.2080229  0.20769474 0.20724355
 0.2067898  0.20632502 0.20624511 0.2060753  0.20610216 0.20598134
 0.20570064 0.20550238 0.20544171 0.20522876 0.20511638 0.20497568
 0.20494114 0.20493148 0.20504515 0.20504019 0.20497264 0.20535421
 0.20496689 0.20444958 0.20446335 0.20387965 0.20339873 0.20314172
 0.20260426 0.2023566  0.20210399 0.20197657 0.20177047 0.2018265
 0.20140786 0.20109187 0.20098007 0.2007029  0.2005133  0.20042318
 0.20039026 0.20057483 0.2006886  0.20067325 0.20066899 0.20122117
 0.20138529 0.2010492  0.20107543 0.2005295  0.20009287 0.19985873
 0.19946747 0.1989664  0.19868551 0.19846998 0.19828233 0.19829984
 0.19819194 0.19810766 0.19811918 0.19804052 0.19789493 0.19788192
 0.19792941 0.19797891 0.19801052 0.19809452 0.19806713 0.19862066
 0.19898973 0.19877526 0.19846706 0.19797641 0.1978061  0.19754133
 0.1969845  0.19644842 0.19632456 0.19602458 0.19576293 0.19562456
 0.19526652 0.19503178 0.19491866 0.19465071 0.19438167 0.19421907
 0.19417664 0.19422683 0.1942514  0.19432555 0.19425736 0.1946345
 0.19454622 0.1934357  0.19295202 0.19184726 0.19144402 0.19081971
 0.19022997 0.18995804 0.18974365 0.18953009 0.18934523 0.18944955
 0.18932386 0.1892396  0.1891579  0.18897767 0.18891065 0.188896
 0.18910122 0.18912703 0.18924816 0.18924429 0.18928604 0.18980381
 0.19033769 0.190244   0.19040191 0.19001527 0.18970239 0.1893084
 0.1888693  0.18853337 0.1884283  0.18810281 0.1875942  0.18729822
 0.1871812  0.18677886 0.18657525 0.18634526 0.18609975 0.1861092
 0.18631738 0.18636067 0.18648127 0.18670443 0.18673857 0.1870291 ]

ETTh1_96_96_DLinear_custom_ftMS_sl96_ll48_pl96_dm512_nh8_el2_dl1_df2048_fc1_ebtimeF_dtTrue_Exp_0  
mse:0.4142800271511078, mae:0.36953577399253845, rse:0.8194410800933838, corr:[0.20281577 0.19975503 0.2003812  0.1997114  0.20504627 0.2068331
 0.20848966 0.20821027 0.20735934 0.20637834 0.20472847 0.20322488
 0.20149425 0.20061299 0.19934957 0.19848144 0.1981576  0.1974531
 0.19726689 0.19669923 0.1966138  0.19609876 0.19607398 0.19613902
 0.19616583 0.19636776 0.19666222 0.19671263 0.19698404 0.19697839
 0.19704117 0.19720146 0.19710848 0.1972382  0.19711767 0.1971574
 0.19699512 0.19688934 0.19691756 0.19691153 0.19669798 0.19677722
 0.19671741 0.19655265 0.19660155 0.19673736 0.19682029 0.19674055
 0.19660385 0.1965913  0.1965193  0.19677946 0.1966314  0.19628765
 0.19653703 0.1966914  0.19662628 0.19661592 0.19659282 0.1968391
 0.19674669 0.19669141 0.19664653 0.19683793 0.19668671 0.19662887
 0.19685377 0.19718933 0.19686352 0.19700338 0.19721399 0.19744593
 0.19742332 0.19736516 0.19758771 0.19738844 0.19741239 0.19726083
 0.19773626 0.19750077 0.19713707 0.19776732 0.19744451 0.19808418
 0.19766223 0.19759439 0.19760938 0.19772558 0.19832982 0.19947168
 0.19998191 0.20189531 0.20474407 0.20508279 0.20714943 0.20721667]

ETTh1_96_96_DLinear_custom_ftMS_sl96_ll48_pl96_dm512_nh8_el2_dl1_df2048_fc1_ebtimeF_dtTrue_Exp_0  
mse:0.4142800271511078, mae:0.36953577399253845, rse:0.8194410800933838, corr:[0.20281577 0.19975503 0.2003812  0.1997114  0.20504627 0.2068331
 0.20848966 0.20821027 0.20735934 0.20637834 0.20472847 0.20322488
 0.20149425 0.20061299 0.19934957 0.19848144 0.1981576  0.1974531
 0.19726689 0.19669923 0.1966138  0.19609876 0.19607398 0.19613902
 0.19616583 0.19636776 0.19666222 0.19671263 0.19698404 0.19697839
 0.19704117 0.19720146 0.19710848 0.1972382  0.19711767 0.1971574
 0.19699512 0.19688934 0.19691756 0.19691153 0.19669798 0.19677722
 0.19671741 0.19655265 0.19660155 0.19673736 0.19682029 0.19674055
 0.19660385 0.1965913  0.1965193  0.19677946 0.1966314  0.19628765
 0.19653703 0.1966914  0.19662628 0.19661592 0.19659282 0.1968391
 0.19674669 0.19669141 0.19664653 0.19683793 0.19668671 0.19662887
 0.19685377 0.19718933 0.19686352 0.19700338 0.19721399 0.19744593
 0.19742332 0.19736516 0.19758771 0.19738844 0.19741239 0.19726083
 0.19773626 0.19750077 0.19713707 0.19776732 0.19744451 0.19808418
 0.19766223 0.19759439 0.19760938 0.19772558 0.19832982 0.19947168
 0.19998191 0.20189531 0.20474407 0.20508279 0.20714943 0.20721667]

ETTh1_96_96_DLinear_custom_ftMS_sl96_ll48_pl96_dm512_nh8_el2_dl1_df2048_fc1_ebtimeF_dtTrue_Exp_0  
mse:0.4142800271511078, mae:0.36953577399253845, rse:0.8194410800933838, corr:[0.20281577 0.19975503 0.2003812  0.1997114  0.20504627 0.2068331
 0.20848966 0.20821027 0.20735934 0.20637834 0.20472847 0.20322488
 0.20149425 0.20061299 0.19934957 0.19848144 0.1981576  0.1974531
 0.19726689 0.19669923 0.1966138  0.19609876 0.19607398 0.19613902
 0.19616583 0.19636776 0.19666222 0.19671263 0.19698404 0.19697839
 0.19704117 0.19720146 0.19710848 0.1972382  0.19711767 0.1971574
 0.19699512 0.19688934 0.19691756 0.19691153 0.19669798 0.19677722
 0.19671741 0.19655265 0.19660155 0.19673736 0.19682029 0.19674055
 0.19660385 0.1965913  0.1965193  0.19677946 0.1966314  0.19628765
 0.19653703 0.1966914  0.19662628 0.19661592 0.19659282 0.1968391
 0.19674669 0.19669141 0.19664653 0.19683793 0.19668671 0.19662887
 0.19685377 0.19718933 0.19686352 0.19700338 0.19721399 0.19744593
 0.19742332 0.19736516 0.19758771 0.19738844 0.19741239 0.19726083
 0.19773626 0.19750077 0.19713707 0.19776732 0.19744451 0.19808418
 0.19766223 0.19759439 0.19760938 0.19772558 0.19832982 0.19947168
 0.19998191 0.20189531 0.20474407 0.20508279 0.20714943 0.20721667]

ETTh1_96_96_DLinear_custom_ftMS_sl96_ll48_pl96_dm512_nh8_el2_dl1_df2048_fc1_ebtimeF_dtTrue_Exp_0  
mse:0.4142800271511078, mae:0.36953577399253845, rse:0.8194410800933838, corr:[0.20281577 0.19975503 0.2003812  0.1997114  0.20504627 0.2068331
 0.20848966 0.20821027 0.20735934 0.20637834 0.20472847 0.20322488
 0.20149425 0.20061299 0.19934957 0.19848144 0.1981576  0.1974531
 0.19726689 0.19669923 0.1966138  0.19609876 0.19607398 0.19613902
 0.19616583 0.19636776 0.19666222 0.19671263 0.19698404 0.19697839
 0.19704117 0.19720146 0.19710848 0.1972382  0.19711767 0.1971574
 0.19699512 0.19688934 0.19691756 0.19691153 0.19669798 0.19677722
 0.19671741 0.19655265 0.19660155 0.19673736 0.19682029 0.19674055
 0.19660385 0.1965913  0.1965193  0.19677946 0.1966314  0.19628765
 0.19653703 0.1966914  0.19662628 0.19661592 0.19659282 0.1968391
 0.19674669 0.19669141 0.19664653 0.19683793 0.19668671 0.19662887
 0.19685377 0.19718933 0.19686352 0.19700338 0.19721399 0.19744593
 0.19742332 0.19736516 0.19758771 0.19738844 0.19741239 0.19726083
 0.19773626 0.19750077 0.19713707 0.19776732 0.19744451 0.19808418
 0.19766223 0.19759439 0.19760938 0.19772558 0.19832982 0.19947168
 0.19998191 0.20189531 0.20474407 0.20508279 0.20714943 0.20721667]

ETTh1_96_96_DLinear_custom_ftMS_sl96_ll48_pl96_dm512_nh8_el2_dl1_df2048_fc1_ebtimeF_dtTrue_Exp_0  
mse:0.4142800271511078, mae:0.36953577399253845, rse:0.8194410800933838, corr:[0.20281577 0.19975503 0.2003812  0.1997114  0.20504627 0.2068331
 0.20848966 0.20821027 0.20735934 0.20637834 0.20472847 0.20322488
 0.20149425 0.20061299 0.19934957 0.19848144 0.1981576  0.1974531
 0.19726689 0.19669923 0.1966138  0.19609876 0.19607398 0.19613902
 0.19616583 0.19636776 0.19666222 0.19671263 0.19698404 0.19697839
 0.19704117 0.19720146 0.19710848 0.1972382  0.19711767 0.1971574
 0.19699512 0.19688934 0.19691756 0.19691153 0.19669798 0.19677722
 0.19671741 0.19655265 0.19660155 0.19673736 0.19682029 0.19674055
 0.19660385 0.1965913  0.1965193  0.19677946 0.1966314  0.19628765
 0.19653703 0.1966914  0.19662628 0.19661592 0.19659282 0.1968391
 0.19674669 0.19669141 0.19664653 0.19683793 0.19668671 0.19662887
 0.19685377 0.19718933 0.19686352 0.19700338 0.19721399 0.19744593
 0.19742332 0.19736516 0.19758771 0.19738844 0.19741239 0.19726083
 0.19773626 0.19750077 0.19713707 0.19776732 0.19744451 0.19808418
 0.19766223 0.19759439 0.19760938 0.19772558 0.19832982 0.19947168
 0.19998191 0.20189531 0.20474407 0.20508279 0.20714943 0.20721667]

ETTh1_96_24_DLinear_custom_ftMS_sl96_ll48_pl24_dm512_nh8_el2_dl1_df2048_fc1_ebtimeF_dtTrue_Exp_0  
mse:0.39029595255851746, mae:0.3542438745498657, rse:0.7965452075004578, corr:[0.20278837 0.19985193 0.20051816 0.1999026  0.20509158 0.2068815
 0.20835002 0.2082074  0.20737775 0.20641892 0.20449501 0.20296432
 0.20141894 0.20055574 0.19957829 0.19842649 0.19816637 0.19764303
 0.1972655  0.19676659 0.19652237 0.19621857 0.1961128  0.19614336]

ETTh1_96_1_DLinear_custom_ftMS_sl96_ll48_pl1_dm512_nh8_el2_dl1_df2048_fc1_ebtimeF_dtTrue_Exp_0  
mse:0.2686399519443512, mae:0.2658310532569885, rse:0.6578352451324463, corr:[0.2045895]

ETTh1_96_1_DLinear_custom_ftMS_sl96_ll48_pl96_dm512_nh8_el2_dl1_df2048_fc1_ebtimeF_dtTrue_Exp_0  
mse:0.30097705125808716, mae:0.29808318614959717, rse:0.7613580226898193, corr:[0.37625626 0.37584022 0.38291916 0.3877173  0.3953978  0.39909065
 0.39481223 0.39617744 0.39498976 0.3931818  0.390909   0.3882321
 0.38590962 0.38291687 0.38148934 0.38012245 0.37997404 0.3792273
 0.37907803 0.3786442  0.3785384  0.37793392 0.37737593 0.37733927
 0.37727043 0.37754747 0.37759906 0.37683365 0.3769865  0.37718624
 0.3775008  0.37755954 0.37782627 0.37756148 0.37773722 0.37786853
 0.37787718 0.37773567 0.37785974 0.37763247 0.37767363 0.37761924
 0.3777337  0.37777445 0.37749904 0.37762195 0.37727687 0.37732777
 0.3775265  0.37728187 0.37717977 0.37733722 0.3772706  0.3772386
 0.37720644 0.37729988 0.37742192 0.3774304  0.37758103 0.37756437
 0.3775796  0.37760857 0.37731287 0.37749997 0.37760112 0.37761763
 0.3776341  0.3775848  0.37767905 0.37745184 0.37729454 0.37693682
 0.37675583 0.37660465 0.37608173 0.37500033 0.3753346  0.37515455
 0.37529823 0.37566504 0.37559626 0.37629214 0.3766211  0.3762553
 0.37729236 0.37750155 0.37746564 0.3778542  0.37810257 0.37940913
 0.38176718 0.38489115 0.38733265 0.3879746  0.38895565 0.39219153]

arena_full_96_DLinear_custom_ftMS_sl96_ll48_pl96_dm512_nh8_el2_dl1_df2048_fc1_ebtimeF_dtTrue_Exp_0  
mse:0.30097705125808716, mae:0.29808318614959717, rse:0.7613580226898193, corr:[0.37625626 0.37584022 0.38291916 0.3877173  0.3953978  0.39909065
 0.39481223 0.39617744 0.39498976 0.3931818  0.390909   0.3882321
 0.38590962 0.38291687 0.38148934 0.38012245 0.37997404 0.3792273
 0.37907803 0.3786442  0.3785384  0.37793392 0.37737593 0.37733927
 0.37727043 0.37754747 0.37759906 0.37683365 0.3769865  0.37718624
 0.3775008  0.37755954 0.37782627 0.37756148 0.37773722 0.37786853
 0.37787718 0.37773567 0.37785974 0.37763247 0.37767363 0.37761924
 0.3777337  0.37777445 0.37749904 0.37762195 0.37727687 0.37732777
 0.3775265  0.37728187 0.37717977 0.37733722 0.3772706  0.3772386
 0.37720644 0.37729988 0.37742192 0.3774304  0.37758103 0.37756437
 0.3775796  0.37760857 0.37731287 0.37749997 0.37760112 0.37761763
 0.3776341  0.3775848  0.37767905 0.37745184 0.37729454 0.37693682
 0.37675583 0.37660465 0.37608173 0.37500033 0.3753346  0.37515455
 0.37529823 0.37566504 0.37559626 0.37629214 0.3766211  0.3762553
 0.37729236 0.37750155 0.37746564 0.3778542  0.37810257 0.37940913
 0.38176718 0.38489115 0.38733265 0.3879746  0.38895565 0.39219153]

