data_casa_di_giulietta_train_DLinear_custom_ftMS_sl96_ll48_pl96_dm512_nh8_el2_dl1_df2048_fc1_ebtimeF_dtTrue_Exp_0  
mse:0.7175715565681458, mae:0.4629753530025482, rse:0.7560241222381592, corr:[0.65707684 0.6533983  0.6522195  0.6553053  0.6561736  0.66349435
 0.65781444 0.66334575 0.6625879  0.6640184  0.66734636 0.66639304
 0.667282   0.6711427  0.66961104 0.66970533 0.67021316 0.67002785
 0.668389   0.6701826  0.6679525  0.66799146 0.6688471  0.66846114
 0.66699696 0.66764295 0.66805243 0.6666332  0.6658198  0.6677439
 0.6676977  0.66866034 0.66905546 0.6681919  0.6686385  0.6684883
 0.6681048  0.66770595 0.6666561  0.66668195 0.66590905 0.66568935
 0.6651571  0.6667028  0.6661116  0.66576064 0.66502845 0.66667545
 0.6657332  0.6664031  0.6660912  0.6662732  0.66716576 0.6668078
 0.66737974 0.6672175  0.6679811  0.6683498  0.6693558  0.6690729
 0.66989434 0.6698669  0.66958016 0.6680975  0.67043763 0.6697605
 0.66960204 0.6689601  0.6678152  0.6664721  0.6663096  0.6660577
 0.6652275  0.6655486  0.665607   0.6651094  0.66461194 0.6641882
 0.6640196  0.66345704 0.66371423 0.6627767  0.66351545 0.66427654
 0.665058   0.6634761  0.6644855  0.6649301  0.6660952  0.66777325
 0.66925836 0.67116874 0.67116135 0.6751446  0.67679155 0.67656636]

data_casa_di_giulietta_train_DLinear_custom_ftMS_sl96_ll48_pl96_dm512_nh8_el2_dl1_df2048_fc1_ebtimeF_dtTrue_Exp_0  
mse:0.6520527601242065, mae:0.4252200126647949, rse:0.8192217946052551, corr:[0.19455595 0.19627173 0.19541177 0.19621176 0.19820829 0.1993759
 0.19858384 0.2001276  0.20169859 0.20272034 0.20450088 0.20628747
 0.20623237 0.20505567 0.20510206 0.20512883 0.20522587 0.20646921
 0.20658897 0.20644194 0.20561035 0.20497207 0.20450969 0.20421055
 0.2029716  0.203149   0.20315437 0.2027116  0.2023088  0.20304613
 0.20317687 0.20348106 0.2037857  0.20350286 0.20371594 0.20372653
 0.20355512 0.20339704 0.20300254 0.2029416  0.20253052 0.2023028
 0.20208637 0.20255676 0.2023876  0.202081   0.20167184 0.20213737
 0.2017202  0.20179716 0.20145622 0.2015082  0.20171884 0.20193334
 0.2019144  0.20221302 0.20237797 0.20268093 0.20302421 0.20303607
 0.20334934 0.20332691 0.20344064 0.20327425 0.20416601 0.20427753
 0.20445153 0.20437936 0.2039889  0.20360428 0.20349634 0.20361632
 0.20313412 0.20342115 0.20354658 0.20348716 0.20366001 0.20374557
 0.20342806 0.20301183 0.20332292 0.20243736 0.20209257 0.20274954
 0.20258263 0.20187429 0.20189512 0.20181829 0.20147896 0.20203802
 0.20297565 0.20336029 0.20465076 0.20373096 0.20530128 0.20367414]

data_casa_di_giulietta_train_DLinear_custom_ftMS_sl96_ll48_pl96_dm512_nh8_el2_dl1_df2048_fc1_ebtimeF_dtTrue_Exp_0  
mse:0.7175715565681458, mae:0.4629753530025482, rse:0.7560241222381592, corr:[0.65707684 0.6533983  0.6522195  0.6553053  0.6561736  0.66349435
 0.65781444 0.66334575 0.6625879  0.6640184  0.66734636 0.66639304
 0.667282   0.6711427  0.66961104 0.66970533 0.67021316 0.67002785
 0.668389   0.6701826  0.6679525  0.66799146 0.6688471  0.66846114
 0.66699696 0.66764295 0.66805243 0.6666332  0.6658198  0.6677439
 0.6676977  0.66866034 0.66905546 0.6681919  0.6686385  0.6684883
 0.6681048  0.66770595 0.6666561  0.66668195 0.66590905 0.66568935
 0.6651571  0.6667028  0.6661116  0.66576064 0.66502845 0.66667545
 0.6657332  0.6664031  0.6660912  0.6662732  0.66716576 0.6668078
 0.66737974 0.6672175  0.6679811  0.6683498  0.6693558  0.6690729
 0.66989434 0.6698669  0.66958016 0.6680975  0.67043763 0.6697605
 0.66960204 0.6689601  0.6678152  0.6664721  0.6663096  0.6660577
 0.6652275  0.6655486  0.665607   0.6651094  0.66461194 0.6641882
 0.6640196  0.66345704 0.66371423 0.6627767  0.66351545 0.66427654
 0.665058   0.6634761  0.6644855  0.6649301  0.6660952  0.66777325
 0.66925836 0.67116874 0.67116135 0.6751446  0.67679155 0.67656636]

data_casa_di_giulietta_train_DLinear_custom_ftMS_sl96_ll48_pl96_dm512_nh8_el2_dl1_df2048_fc1_ebtimeF_dtTrue_Exp_0  
mse:0.7175715565681458, mae:0.4629753530025482, rse:0.7560241222381592, corr:[0.65707684 0.6533983  0.6522195  0.6553053  0.6561736  0.66349435
 0.65781444 0.66334575 0.6625879  0.6640184  0.66734636 0.66639304
 0.667282   0.6711427  0.66961104 0.66970533 0.67021316 0.67002785
 0.668389   0.6701826  0.6679525  0.66799146 0.6688471  0.66846114
 0.66699696 0.66764295 0.66805243 0.6666332  0.6658198  0.6677439
 0.6676977  0.66866034 0.66905546 0.6681919  0.6686385  0.6684883
 0.6681048  0.66770595 0.6666561  0.66668195 0.66590905 0.66568935
 0.6651571  0.6667028  0.6661116  0.66576064 0.66502845 0.66667545
 0.6657332  0.6664031  0.6660912  0.6662732  0.66716576 0.6668078
 0.66737974 0.6672175  0.6679811  0.6683498  0.6693558  0.6690729
 0.66989434 0.6698669  0.66958016 0.6680975  0.67043763 0.6697605
 0.66960204 0.6689601  0.6678152  0.6664721  0.6663096  0.6660577
 0.6652275  0.6655486  0.665607   0.6651094  0.66461194 0.6641882
 0.6640196  0.66345704 0.66371423 0.6627767  0.66351545 0.66427654
 0.665058   0.6634761  0.6644855  0.6649301  0.6660952  0.66777325
 0.66925836 0.67116874 0.67116135 0.6751446  0.67679155 0.67656636]

data_casa_di_giulietta_train_DLinear_custom_ftMS_sl96_ll48_pl96_dm512_nh8_el2_dl1_df2048_fc1_ebtimeF_dtTrue_Exp_0  
mse:0.7175715565681458, mae:0.4629753530025482, rse:0.7560241222381592, corr:[0.65707684 0.6533983  0.6522195  0.6553053  0.6561736  0.66349435
 0.65781444 0.66334575 0.6625879  0.6640184  0.66734636 0.66639304
 0.667282   0.6711427  0.66961104 0.66970533 0.67021316 0.67002785
 0.668389   0.6701826  0.6679525  0.66799146 0.6688471  0.66846114
 0.66699696 0.66764295 0.66805243 0.6666332  0.6658198  0.6677439
 0.6676977  0.66866034 0.66905546 0.6681919  0.6686385  0.6684883
 0.6681048  0.66770595 0.6666561  0.66668195 0.66590905 0.66568935
 0.6651571  0.6667028  0.6661116  0.66576064 0.66502845 0.66667545
 0.6657332  0.6664031  0.6660912  0.6662732  0.66716576 0.6668078
 0.66737974 0.6672175  0.6679811  0.6683498  0.6693558  0.6690729
 0.66989434 0.6698669  0.66958016 0.6680975  0.67043763 0.6697605
 0.66960204 0.6689601  0.6678152  0.6664721  0.6663096  0.6660577
 0.6652275  0.6655486  0.665607   0.6651094  0.66461194 0.6641882
 0.6640196  0.66345704 0.66371423 0.6627767  0.66351545 0.66427654
 0.665058   0.6634761  0.6644855  0.6649301  0.6660952  0.66777325
 0.66925836 0.67116874 0.67116135 0.6751446  0.67679155 0.67656636]

data_casa_di_giulietta_train_DLinear_custom_ftMS_sl96_ll48_pl96_dm512_nh8_el2_dl1_df2048_fc1_ebtimeF_dtTrue_Exp_0  
mse:0.7175715565681458, mae:0.4629753530025482, rse:0.7560241222381592, corr:[0.65707684 0.6533983  0.6522195  0.6553053  0.6561736  0.66349435
 0.65781444 0.66334575 0.6625879  0.6640184  0.66734636 0.66639304
 0.667282   0.6711427  0.66961104 0.66970533 0.67021316 0.67002785
 0.668389   0.6701826  0.6679525  0.66799146 0.6688471  0.66846114
 0.66699696 0.66764295 0.66805243 0.6666332  0.6658198  0.6677439
 0.6676977  0.66866034 0.66905546 0.6681919  0.6686385  0.6684883
 0.6681048  0.66770595 0.6666561  0.66668195 0.66590905 0.66568935
 0.6651571  0.6667028  0.6661116  0.66576064 0.66502845 0.66667545
 0.6657332  0.6664031  0.6660912  0.6662732  0.66716576 0.6668078
 0.66737974 0.6672175  0.6679811  0.6683498  0.6693558  0.6690729
 0.66989434 0.6698669  0.66958016 0.6680975  0.67043763 0.6697605
 0.66960204 0.6689601  0.6678152  0.6664721  0.6663096  0.6660577
 0.6652275  0.6655486  0.665607   0.6651094  0.66461194 0.6641882
 0.6640196  0.66345704 0.66371423 0.6627767  0.66351545 0.66427654
 0.665058   0.6634761  0.6644855  0.6649301  0.6660952  0.66777325
 0.66925836 0.67116874 0.67116135 0.6751446  0.67679155 0.67656636]

data_casa_di_giulietta_train_DLinear_custom_ftMS_sl96_ll48_pl96_dm512_nh8_el2_dl1_df2048_fc1_ebtimeF_dtTrue_Exp_0  
mse:0.6520527601242065, mae:0.4252200126647949, rse:0.8192217946052551, corr:[0.19455595 0.19627173 0.19541177 0.19621176 0.19820829 0.1993759
 0.19858384 0.2001276  0.20169859 0.20272034 0.20450088 0.20628747
 0.20623237 0.20505567 0.20510206 0.20512883 0.20522587 0.20646921
 0.20658897 0.20644194 0.20561035 0.20497207 0.20450969 0.20421055
 0.2029716  0.203149   0.20315437 0.2027116  0.2023088  0.20304613
 0.20317687 0.20348106 0.2037857  0.20350286 0.20371594 0.20372653
 0.20355512 0.20339704 0.20300254 0.2029416  0.20253052 0.2023028
 0.20208637 0.20255676 0.2023876  0.202081   0.20167184 0.20213737
 0.2017202  0.20179716 0.20145622 0.2015082  0.20171884 0.20193334
 0.2019144  0.20221302 0.20237797 0.20268093 0.20302421 0.20303607
 0.20334934 0.20332691 0.20344064 0.20327425 0.20416601 0.20427753
 0.20445153 0.20437936 0.2039889  0.20360428 0.20349634 0.20361632
 0.20313412 0.20342115 0.20354658 0.20348716 0.20366001 0.20374557
 0.20342806 0.20301183 0.20332292 0.20243736 0.20209257 0.20274954
 0.20258263 0.20187429 0.20189512 0.20181829 0.20147896 0.20203802
 0.20297565 0.20336029 0.20465076 0.20373096 0.20530128 0.20367414]

data_casa_di_giulietta_train_DLinear_custom_ftMS_sl96_ll48_pl96_dm512_nh8_el2_dl1_df2048_fc1_ebtimeF_dtTrue_Exp_0  
mse:0.6520527601242065, mae:0.4252200126647949, rse:0.8192217946052551, corr:[0.19455595 0.19627173 0.19541177 0.19621176 0.19820829 0.1993759
 0.19858384 0.2001276  0.20169859 0.20272034 0.20450088 0.20628747
 0.20623237 0.20505567 0.20510206 0.20512883 0.20522587 0.20646921
 0.20658897 0.20644194 0.20561035 0.20497207 0.20450969 0.20421055
 0.2029716  0.203149   0.20315437 0.2027116  0.2023088  0.20304613
 0.20317687 0.20348106 0.2037857  0.20350286 0.20371594 0.20372653
 0.20355512 0.20339704 0.20300254 0.2029416  0.20253052 0.2023028
 0.20208637 0.20255676 0.2023876  0.202081   0.20167184 0.20213737
 0.2017202  0.20179716 0.20145622 0.2015082  0.20171884 0.20193334
 0.2019144  0.20221302 0.20237797 0.20268093 0.20302421 0.20303607
 0.20334934 0.20332691 0.20344064 0.20327425 0.20416601 0.20427753
 0.20445153 0.20437936 0.2039889  0.20360428 0.20349634 0.20361632
 0.20313412 0.20342115 0.20354658 0.20348716 0.20366001 0.20374557
 0.20342806 0.20301183 0.20332292 0.20243736 0.20209257 0.20274954
 0.20258263 0.20187429 0.20189512 0.20181829 0.20147896 0.20203802
 0.20297565 0.20336029 0.20465076 0.20373096 0.20530128 0.20367414]

data_casa_di_giulietta_train_DLinear_custom_ftMS_sl96_ll48_pl96_dm512_nh8_el2_dl1_df2048_fc1_ebtimeF_dtTrue_Exp_0  
mse:0.6910375952720642, mae:0.44280943274497986, rse:0.8433560729026794, corr:[0.20438318 0.20375699 0.2023197  0.2026616  0.20309857 0.20233387
 0.20224659 0.20178406 0.20130889 0.20149593 0.20101584 0.19952978
 0.19915575 0.1981213  0.19879942 0.1980694  0.19762318 0.19709402
 0.1963301  0.19634983 0.19607987 0.19584881 0.196176   0.19592299
 0.19622977 0.19611092 0.19610311 0.1960367  0.19609901 0.19621547
 0.19656849 0.19673063 0.19679295 0.19707394 0.19695309 0.19649
 0.196545   0.19702093 0.19700672 0.1971155  0.19654308 0.19635463
 0.19636828 0.19614418 0.19625717 0.19586217 0.1958933  0.19614229
 0.19565408 0.19546053 0.1950577  0.1952478  0.19560343 0.19560827
 0.19570461 0.1959112  0.19597939 0.19673872 0.19589655 0.19620787
 0.19643532 0.19614275 0.19653507 0.19695584 0.19644843 0.19623762
 0.19675943 0.19690473 0.19599342 0.19672963 0.19588521 0.19610173
 0.19639528 0.19684501 0.19609359 0.19681716 0.19760516 0.19791384
 0.19741313 0.19682914 0.19727995 0.19687027 0.19584611 0.19719267
 0.19719724 0.19609758 0.196858   0.196745   0.19660202 0.19704597
 0.19828688 0.19780843 0.19869465 0.1984454  0.19880424 0.19836317]

data_casa_di_giulietta_train_DLinear_custom_ftMS_sl96_ll48_pl96_dm512_nh8_el2_dl1_df2048_fc1_ebtimeF_dtTrue_Exp_False  
mse:0.7175715565681458, mae:0.4629753530025482, rse:0.7560241222381592, corr:[0.65707684 0.6533983  0.6522195  0.6553053  0.6561736  0.66349435
 0.65781444 0.66334575 0.6625879  0.6640184  0.66734636 0.66639304
 0.667282   0.6711427  0.66961104 0.66970533 0.67021316 0.67002785
 0.668389   0.6701826  0.6679525  0.66799146 0.6688471  0.66846114
 0.66699696 0.66764295 0.66805243 0.6666332  0.6658198  0.6677439
 0.6676977  0.66866034 0.66905546 0.6681919  0.6686385  0.6684883
 0.6681048  0.66770595 0.6666561  0.66668195 0.66590905 0.66568935
 0.6651571  0.6667028  0.6661116  0.66576064 0.66502845 0.66667545
 0.6657332  0.6664031  0.6660912  0.6662732  0.66716576 0.6668078
 0.66737974 0.6672175  0.6679811  0.6683498  0.6693558  0.6690729
 0.66989434 0.6698669  0.66958016 0.6680975  0.67043763 0.6697605
 0.66960204 0.6689601  0.6678152  0.6664721  0.6663096  0.6660577
 0.6652275  0.6655486  0.665607   0.6651094  0.66461194 0.6641882
 0.6640196  0.66345704 0.66371423 0.6627767  0.66351545 0.66427654
 0.665058   0.6634761  0.6644855  0.6649301  0.6660952  0.66777325
 0.66925836 0.67116874 0.67116135 0.6751446  0.67679155 0.67656636]

data_casa_di_giulietta_train_DLinear_custom_ftMS_sl96_ll48_pl96_dm512_nh8_el2_dl1_df2048_fc1_ebtimeF_dtTrue_Exp_False  
mse:0.7206018567085266, mae:0.46769753098487854, rse:0.7576187252998352, corr:[0.6706556  0.6678938  0.6659311  0.66769576 0.66675526 0.67158777
 0.6682587  0.66836536 0.6682233  0.66916174 0.6703524  0.670222
 0.6695971  0.6716996  0.6718096  0.671178   0.67070657 0.6718595
 0.67161    0.66934806 0.6699063  0.6700647  0.6679648  0.6707372
 0.6695555  0.6659524  0.6682353  0.66738725 0.6679691  0.6711472
 0.6710639  0.6717263  0.671234   0.672909   0.670301   0.671129
 0.66936314 0.6715448  0.6702141  0.66935074 0.6703506  0.6697582
 0.66736805 0.66762775 0.66734755 0.66741323 0.66780186 0.66617817
 0.6659458  0.6666435  0.66728485 0.6673678  0.66720176 0.6669175
 0.66790265 0.66728973 0.67096996 0.6687802  0.6680928  0.6690582
 0.66914123 0.67132294 0.6713476  0.6687691  0.6673122  0.6682514
 0.6693586  0.66874677 0.66851    0.66888237 0.6668611  0.6657005
 0.6664198  0.6670401  0.6662813  0.6663827  0.66540945 0.6661427
 0.66596735 0.66640335 0.66713166 0.6654285  0.6695865  0.66875577
 0.6695039  0.6681124  0.67118216 0.6707608  0.67315406 0.67519295
 0.67589766 0.67999274 0.6798388  0.68395364 0.6879594  0.6874905 ]

data_casa_di_giulietta_train_DLinear_custom_ftMS_sl96_ll48_pl96_dm512_nh8_el2_dl1_df2048_fc1_ebtimeF_dtTrue_Exp_0  
mse:0.6448193192481995, mae:0.4594873785972595, rse:0.8035557866096497, corr:[0.60533214 0.602822   0.5995743  0.60020214 0.5996771  0.5985484
 0.59713686 0.59619457 0.5953492  0.5959471  0.5937853  0.59305173
 0.5929199  0.5916018  0.5926008  0.5925662  0.5919849  0.59218395
 0.5921974  0.5901703  0.5898287  0.5893888  0.5895944  0.58976406
 0.5901309  0.5897001  0.58951503 0.5895262  0.5895963  0.58970493
 0.5905131  0.5911149  0.5909195  0.59180874 0.59136903 0.58999103
 0.59002954 0.5914458  0.5914763  0.59223694 0.5910655  0.5903796
 0.59069824 0.59031385 0.5899908  0.5892602  0.5896449  0.59047043
 0.5889045  0.5886624  0.5879756  0.58833545 0.589722   0.58904403
 0.58934563 0.5892959  0.58966184 0.5914593  0.5886402  0.5894874
 0.5903049  0.5891813  0.59030586 0.5913331  0.58931464 0.5884921
 0.5896113  0.58963263 0.5871492  0.5893363  0.587491   0.588312
 0.5892796  0.59020716 0.5889887  0.5906991  0.59148777 0.59318775
 0.5931847  0.59240437 0.5930599  0.5942682  0.59291154 0.5949946
 0.5946908  0.59237874 0.5936369  0.59386045 0.59466594 0.59594136
 0.5974226  0.5961177  0.59821486 0.5994426  0.60013473 0.5996859 ]

data_casa_di_giulietta_train_DLinear_custom_ftMS_sl96_ll48_pl96_dm512_nh8_el2_dl1_df2048_fc1_ebtimeF_dtTrue_Exp_0  
mse:0.6448193192481995, mae:0.4594873785972595, rse:0.8035557866096497, corr:[0.60533214 0.602822   0.5995743  0.60020214 0.5996771  0.5985484
 0.59713686 0.59619457 0.5953492  0.5959471  0.5937853  0.59305173
 0.5929199  0.5916018  0.5926008  0.5925662  0.5919849  0.59218395
 0.5921974  0.5901703  0.5898287  0.5893888  0.5895944  0.58976406
 0.5901309  0.5897001  0.58951503 0.5895262  0.5895963  0.58970493
 0.5905131  0.5911149  0.5909195  0.59180874 0.59136903 0.58999103
 0.59002954 0.5914458  0.5914763  0.59223694 0.5910655  0.5903796
 0.59069824 0.59031385 0.5899908  0.5892602  0.5896449  0.59047043
 0.5889045  0.5886624  0.5879756  0.58833545 0.589722   0.58904403
 0.58934563 0.5892959  0.58966184 0.5914593  0.5886402  0.5894874
 0.5903049  0.5891813  0.59030586 0.5913331  0.58931464 0.5884921
 0.5896113  0.58963263 0.5871492  0.5893363  0.587491   0.588312
 0.5892796  0.59020716 0.5889887  0.5906991  0.59148777 0.59318775
 0.5931847  0.59240437 0.5930599  0.5942682  0.59291154 0.5949946
 0.5946908  0.59237874 0.5936369  0.59386045 0.59466594 0.59594136
 0.5974226  0.5961177  0.59821486 0.5994426  0.60013473 0.5996859 ]

data_casa_di_giulietta_train_DLinear_custom_ftMS_sl96_ll48_pl96_dm512_nh8_el2_dl1_df2048_fc1_ebtimeF_dtTrue_Exp_False  
mse:0.7206018567085266, mae:0.46769753098487854, rse:0.7576187252998352, corr:[0.6706556  0.6678938  0.6659311  0.66769576 0.66675526 0.67158777
 0.6682587  0.66836536 0.6682233  0.66916174 0.6703524  0.670222
 0.6695971  0.6716996  0.6718096  0.671178   0.67070657 0.6718595
 0.67161    0.66934806 0.6699063  0.6700647  0.6679648  0.6707372
 0.6695555  0.6659524  0.6682353  0.66738725 0.6679691  0.6711472
 0.6710639  0.6717263  0.671234   0.672909   0.670301   0.671129
 0.66936314 0.6715448  0.6702141  0.66935074 0.6703506  0.6697582
 0.66736805 0.66762775 0.66734755 0.66741323 0.66780186 0.66617817
 0.6659458  0.6666435  0.66728485 0.6673678  0.66720176 0.6669175
 0.66790265 0.66728973 0.67096996 0.6687802  0.6680928  0.6690582
 0.66914123 0.67132294 0.6713476  0.6687691  0.6673122  0.6682514
 0.6693586  0.66874677 0.66851    0.66888237 0.6668611  0.6657005
 0.6664198  0.6670401  0.6662813  0.6663827  0.66540945 0.6661427
 0.66596735 0.66640335 0.66713166 0.6654285  0.6695865  0.66875577
 0.6695039  0.6681124  0.67118216 0.6707608  0.67315406 0.67519295
 0.67589766 0.67999274 0.6798388  0.68395364 0.6879594  0.6874905 ]

data_casa_di_giulietta_train_DLinear_custom_ftMS_sl96_ll48_pl96_dm512_nh8_el2_dl1_df2048_fc1_ebtimeF_dtTrue_Exp_0  
mse:0.6448193192481995, mae:0.4594873785972595, rse:0.8035557866096497, corr:[0.60533214 0.602822   0.5995743  0.60020214 0.5996771  0.5985484
 0.59713686 0.59619457 0.5953492  0.5959471  0.5937853  0.59305173
 0.5929199  0.5916018  0.5926008  0.5925662  0.5919849  0.59218395
 0.5921974  0.5901703  0.5898287  0.5893888  0.5895944  0.58976406
 0.5901309  0.5897001  0.58951503 0.5895262  0.5895963  0.58970493
 0.5905131  0.5911149  0.5909195  0.59180874 0.59136903 0.58999103
 0.59002954 0.5914458  0.5914763  0.59223694 0.5910655  0.5903796
 0.59069824 0.59031385 0.5899908  0.5892602  0.5896449  0.59047043
 0.5889045  0.5886624  0.5879756  0.58833545 0.589722   0.58904403
 0.58934563 0.5892959  0.58966184 0.5914593  0.5886402  0.5894874
 0.5903049  0.5891813  0.59030586 0.5913331  0.58931464 0.5884921
 0.5896113  0.58963263 0.5871492  0.5893363  0.587491   0.588312
 0.5892796  0.59020716 0.5889887  0.5906991  0.59148777 0.59318775
 0.5931847  0.59240437 0.5930599  0.5942682  0.59291154 0.5949946
 0.5946908  0.59237874 0.5936369  0.59386045 0.59466594 0.59594136
 0.5974226  0.5961177  0.59821486 0.5994426  0.60013473 0.5996859 ]

data_casa_di_giulietta_train_DLinear_custom_ftMS_sl96_ll48_pl96_dm512_nh8_el2_dl1_df2048_fc1_ebtimeF_dtTrue_Exp_0  
mse:0.7206018567085266, mae:0.46769753098487854, rse:0.7576187252998352, corr:[0.6706556  0.6678938  0.6659311  0.66769576 0.66675526 0.67158777
 0.6682587  0.66836536 0.6682233  0.66916174 0.6703524  0.670222
 0.6695971  0.6716996  0.6718096  0.671178   0.67070657 0.6718595
 0.67161    0.66934806 0.6699063  0.6700647  0.6679648  0.6707372
 0.6695555  0.6659524  0.6682353  0.66738725 0.6679691  0.6711472
 0.6710639  0.6717263  0.671234   0.672909   0.670301   0.671129
 0.66936314 0.6715448  0.6702141  0.66935074 0.6703506  0.6697582
 0.66736805 0.66762775 0.66734755 0.66741323 0.66780186 0.66617817
 0.6659458  0.6666435  0.66728485 0.6673678  0.66720176 0.6669175
 0.66790265 0.66728973 0.67096996 0.6687802  0.6680928  0.6690582
 0.66914123 0.67132294 0.6713476  0.6687691  0.6673122  0.6682514
 0.6693586  0.66874677 0.66851    0.66888237 0.6668611  0.6657005
 0.6664198  0.6670401  0.6662813  0.6663827  0.66540945 0.6661427
 0.66596735 0.66640335 0.66713166 0.6654285  0.6695865  0.66875577
 0.6695039  0.6681124  0.67118216 0.6707608  0.67315406 0.67519295
 0.67589766 0.67999274 0.6798388  0.68395364 0.6879594  0.6874905 ]

data_casa_di_giulietta_train_DLinear_custom_ftMS_sl96_ll48_pl96_dm512_nh8_el2_dl1_df2048_fc1_ebtimeF_dtTrue_Exp_0  
mse:0.5990815758705139, mae:0.4291934669017792, rse:0.7745330929756165, corr:[0.6081005  0.6089796  0.60594267 0.60601413 0.60484684 0.60651076
 0.60545737 0.60374326 0.60449106 0.60613644 0.6060426  0.6067181
 0.6065097  0.60583574 0.60742444 0.6072923  0.60756195 0.6101102
 0.61226755 0.61006486 0.61051106 0.6103521  0.60850686 0.6113285
 0.6098276  0.6067695  0.6084672  0.6078592  0.6083637  0.6116691
 0.61157984 0.6120422  0.61196476 0.6134785  0.61103684 0.61191475
 0.6100182  0.61238277 0.6108945  0.61003244 0.6116879  0.6103314
 0.60830796 0.6084076  0.60797733 0.60837823 0.60875154 0.60678816
 0.6067416  0.6071685  0.6077709  0.6077562  0.6077646  0.60751903
 0.60820204 0.60779077 0.61124784 0.6090367  0.6082725  0.6094061
 0.60943013 0.6114239  0.611507   0.60939157 0.6078695  0.6089879
 0.6099565  0.6094637  0.6092506  0.60970265 0.6077027  0.6068749
 0.60773    0.60866296 0.6081104  0.6083697  0.60859954 0.60962576
 0.6088236  0.60929614 0.6110867  0.60930806 0.61195475 0.6116379
 0.6109506  0.61053795 0.61134803 0.61143696 0.61285335 0.6142517
 0.61463517 0.6153979  0.6199563  0.62022936 0.62597805 0.62378925]

data_casa_di_giulietta_train_DLinear_custom_ftMS_sl96_ll48_pl96_dm512_nh8_el2_dl1_df2048_fc1_ebtimeF_dtTrue_Exp_0  
mse:0.7175715565681458, mae:0.4629753530025482, rse:0.7560241222381592, corr:[0.65707684 0.6533983  0.6522195  0.6553053  0.6561736  0.66349435
 0.65781444 0.66334575 0.6625879  0.6640184  0.66734636 0.66639304
 0.667282   0.6711427  0.66961104 0.66970533 0.67021316 0.67002785
 0.668389   0.6701826  0.6679525  0.66799146 0.6688471  0.66846114
 0.66699696 0.66764295 0.66805243 0.6666332  0.6658198  0.6677439
 0.6676977  0.66866034 0.66905546 0.6681919  0.6686385  0.6684883
 0.6681048  0.66770595 0.6666561  0.66668195 0.66590905 0.66568935
 0.6651571  0.6667028  0.6661116  0.66576064 0.66502845 0.66667545
 0.6657332  0.6664031  0.6660912  0.6662732  0.66716576 0.6668078
 0.66737974 0.6672175  0.6679811  0.6683498  0.6693558  0.6690729
 0.66989434 0.6698669  0.66958016 0.6680975  0.67043763 0.6697605
 0.66960204 0.6689601  0.6678152  0.6664721  0.6663096  0.6660577
 0.6652275  0.6655486  0.665607   0.6651094  0.66461194 0.6641882
 0.6640196  0.66345704 0.66371423 0.6627767  0.66351545 0.66427654
 0.665058   0.6634761  0.6644855  0.6649301  0.6660952  0.66777325
 0.66925836 0.67116874 0.67116135 0.6751446  0.67679155 0.67656636]

data_casa_di_giulietta_train_DLinear_custom_ftMS_sl96_ll48_pl96_dm512_nh8_el2_dl1_df2048_fc1_ebtimeF_dtTrue_Exp_0  
mse:0.5974549055099487, mae:0.426163911819458, rse:0.7734808921813965, corr:[0.5928786  0.59570503 0.5930573  0.593588   0.5933592  0.5963907
 0.59425133 0.596909   0.5982932  0.6002506  0.6014224  0.6039712
 0.6048363  0.6046361  0.6047932  0.60464966 0.60571814 0.6076179
 0.60975593 0.61142254 0.6088934  0.60799927 0.60836107 0.60829794
 0.6064271  0.6077132  0.60780823 0.60671747 0.6058109  0.6078144
 0.60794586 0.60872525 0.60939556 0.6084201  0.6089109  0.60888356
 0.60843086 0.6080721  0.6070394  0.6071164  0.60649264 0.6059286
 0.6055434  0.60711044 0.6064024  0.60616475 0.6053956  0.6070036
 0.60609937 0.60672367 0.6063796  0.6065546  0.60741496 0.6072078
 0.60742116 0.6075148  0.6080874  0.6083393  0.6092116  0.6089795
 0.6098103  0.60950816 0.6092235  0.60831505 0.6104976  0.61008763
 0.60992473 0.6092931  0.6083552  0.60725576 0.607001   0.6074709
 0.6066604  0.60740125 0.60773873 0.6075603  0.6079609  0.6079914
 0.607569   0.606872   0.60775423 0.6068096  0.6066687  0.6079239
 0.60760796 0.606754   0.6063443  0.6068484  0.6070665  0.6083325
 0.6092009  0.6083143  0.61225736 0.6118146  0.615322   0.61267835]

data_casa_di_giulietta_train_DLinear_custom_ftMS_sl96_ll48_pl96_dm1024_nh8_el2_dl1_df2048_fc1_ebtimeF_dtTrue_Exp_0  
mse:0.7175715565681458, mae:0.4629753530025482, rse:0.7560241222381592, corr:[0.65707684 0.6533983  0.6522195  0.6553053  0.6561736  0.66349435
 0.65781444 0.66334575 0.6625879  0.6640184  0.66734636 0.66639304
 0.667282   0.6711427  0.66961104 0.66970533 0.67021316 0.67002785
 0.668389   0.6701826  0.6679525  0.66799146 0.6688471  0.66846114
 0.66699696 0.66764295 0.66805243 0.6666332  0.6658198  0.6677439
 0.6676977  0.66866034 0.66905546 0.6681919  0.6686385  0.6684883
 0.6681048  0.66770595 0.6666561  0.66668195 0.66590905 0.66568935
 0.6651571  0.6667028  0.6661116  0.66576064 0.66502845 0.66667545
 0.6657332  0.6664031  0.6660912  0.6662732  0.66716576 0.6668078
 0.66737974 0.6672175  0.6679811  0.6683498  0.6693558  0.6690729
 0.66989434 0.6698669  0.66958016 0.6680975  0.67043763 0.6697605
 0.66960204 0.6689601  0.6678152  0.6664721  0.6663096  0.6660577
 0.6652275  0.6655486  0.665607   0.6651094  0.66461194 0.6641882
 0.6640196  0.66345704 0.66371423 0.6627767  0.66351545 0.66427654
 0.665058   0.6634761  0.6644855  0.6649301  0.6660952  0.66777325
 0.66925836 0.67116874 0.67116135 0.6751446  0.67679155 0.67656636]

data_casa_di_giulietta_train_DLinear_custom_ftMS_sl96_ll48_pl96_dm512_nh8_el2_dl1_df2048_fc1_ebtimeF_dtTrue_Exp_0  
mse:0.5974549055099487, mae:0.426163911819458, rse:0.7734808921813965, corr:[0.5928786  0.59570503 0.5930573  0.593588   0.5933592  0.5963907
 0.59425133 0.596909   0.5982932  0.6002506  0.6014224  0.6039712
 0.6048363  0.6046361  0.6047932  0.60464966 0.60571814 0.6076179
 0.60975593 0.61142254 0.6088934  0.60799927 0.60836107 0.60829794
 0.6064271  0.6077132  0.60780823 0.60671747 0.6058109  0.6078144
 0.60794586 0.60872525 0.60939556 0.6084201  0.6089109  0.60888356
 0.60843086 0.6080721  0.6070394  0.6071164  0.60649264 0.6059286
 0.6055434  0.60711044 0.6064024  0.60616475 0.6053956  0.6070036
 0.60609937 0.60672367 0.6063796  0.6065546  0.60741496 0.6072078
 0.60742116 0.6075148  0.6080874  0.6083393  0.6092116  0.6089795
 0.6098103  0.60950816 0.6092235  0.60831505 0.6104976  0.61008763
 0.60992473 0.6092931  0.6083552  0.60725576 0.607001   0.6074709
 0.6066604  0.60740125 0.60773873 0.6075603  0.6079609  0.6079914
 0.607569   0.606872   0.60775423 0.6068096  0.6066687  0.6079239
 0.60760796 0.606754   0.6063443  0.6068484  0.6070665  0.6083325
 0.6092009  0.6083143  0.61225736 0.6118146  0.615322   0.61267835]

data_casa_di_giulietta_train_DLinear_custom_ftMS_sl96_ll48_pl96_dm1024_nh8_el2_dl1_df2048_fc1_ebtimeF_dtTrue_Exp_0  
mse:0.7174022793769836, mae:0.46285584568977356, rse:0.7559349536895752, corr:[0.65703607 0.653293   0.65183896 0.6547465  0.65625936 0.66320723
 0.6586982  0.6627143  0.662166   0.6637496  0.66786945 0.6660596
 0.6668691  0.6707257  0.6692923  0.6695755  0.6697535  0.6695955
 0.66738933 0.6688202  0.66769093 0.6682726  0.6684653  0.66727906
 0.66768277 0.6667249  0.66685444 0.66679364 0.66745305 0.66802716
 0.66857994 0.6690763  0.6692276  0.66932756 0.66933113 0.66900826
 0.6685984  0.66821885 0.66794056 0.66765153 0.66732293 0.66724545
 0.6668732  0.6668898  0.6668975  0.6668413  0.6666936  0.66659504
 0.6665064  0.6667445  0.6667274  0.66677666 0.6668839  0.6668092
 0.66716117 0.66764164 0.6680163  0.6683521  0.6688097  0.669228
 0.66976106 0.6701063  0.67016923 0.6697247  0.6696723  0.66929084
 0.6689418  0.66854864 0.66773885 0.6673922  0.6672769  0.6663787
 0.6661109  0.6657539  0.6655226  0.6650986  0.6643979  0.6639643
 0.66388786 0.6639392  0.6633671  0.6627778  0.6633607  0.66359574
 0.66372496 0.66291004 0.66406846 0.6649344  0.66580856 0.6679176
 0.66914064 0.6716639  0.6711431  0.67550236 0.6776533  0.6776385 ]

data_casa_di_giulietta_train_DLinear_custom_ftMS_sl96_ll48_pl96_dm512_nh8_el2_dl1_df2048_fc1_ebtimeF_dtTrue_Exp_0  
mse:0.5974549055099487, mae:0.426163911819458, rse:0.7734808921813965, corr:[0.5928786  0.59570503 0.5930573  0.593588   0.5933592  0.5963907
 0.59425133 0.596909   0.5982932  0.6002506  0.6014224  0.6039712
 0.6048363  0.6046361  0.6047932  0.60464966 0.60571814 0.6076179
 0.60975593 0.61142254 0.6088934  0.60799927 0.60836107 0.60829794
 0.6064271  0.6077132  0.60780823 0.60671747 0.6058109  0.6078144
 0.60794586 0.60872525 0.60939556 0.6084201  0.6089109  0.60888356
 0.60843086 0.6080721  0.6070394  0.6071164  0.60649264 0.6059286
 0.6055434  0.60711044 0.6064024  0.60616475 0.6053956  0.6070036
 0.60609937 0.60672367 0.6063796  0.6065546  0.60741496 0.6072078
 0.60742116 0.6075148  0.6080874  0.6083393  0.6092116  0.6089795
 0.6098103  0.60950816 0.6092235  0.60831505 0.6104976  0.61008763
 0.60992473 0.6092931  0.6083552  0.60725576 0.607001   0.6074709
 0.6066604  0.60740125 0.60773873 0.6075603  0.6079609  0.6079914
 0.607569   0.606872   0.60775423 0.6068096  0.6066687  0.6079239
 0.60760796 0.606754   0.6063443  0.6068484  0.6070665  0.6083325
 0.6092009  0.6083143  0.61225736 0.6118146  0.615322   0.61267835]

data_casa_di_giulietta_train_DLinear_custom_ftMS_sl96_ll48_pl96_dm512_nh8_el2_dl1_df2048_fc1_ebtimeF_dtTrue_Exp_0  
mse:0.5974549055099487, mae:0.426163911819458, rse:0.7734808921813965, corr:[0.5928786  0.59570503 0.5930573  0.593588   0.5933592  0.5963907
 0.59425133 0.596909   0.5982932  0.6002506  0.6014224  0.6039712
 0.6048363  0.6046361  0.6047932  0.60464966 0.60571814 0.6076179
 0.60975593 0.61142254 0.6088934  0.60799927 0.60836107 0.60829794
 0.6064271  0.6077132  0.60780823 0.60671747 0.6058109  0.6078144
 0.60794586 0.60872525 0.60939556 0.6084201  0.6089109  0.60888356
 0.60843086 0.6080721  0.6070394  0.6071164  0.60649264 0.6059286
 0.6055434  0.60711044 0.6064024  0.60616475 0.6053956  0.6070036
 0.60609937 0.60672367 0.6063796  0.6065546  0.60741496 0.6072078
 0.60742116 0.6075148  0.6080874  0.6083393  0.6092116  0.6089795
 0.6098103  0.60950816 0.6092235  0.60831505 0.6104976  0.61008763
 0.60992473 0.6092931  0.6083552  0.60725576 0.607001   0.6074709
 0.6066604  0.60740125 0.60773873 0.6075603  0.6079609  0.6079914
 0.607569   0.606872   0.60775423 0.6068096  0.6066687  0.6079239
 0.60760796 0.606754   0.6063443  0.6068484  0.6070665  0.6083325
 0.6092009  0.6083143  0.61225736 0.6118146  0.615322   0.61267835]

data_casa_di_giulietta_train_DLinear_custom_ftMS_sl96_ll48_pl96_dm1024_nh8_el2_dl1_df2048_fc1_ebtimeF_dtTrue_Exp_0  
mse:0.7175715565681458, mae:0.4629753530025482, rse:0.7560241222381592, corr:[0.65707684 0.6533983  0.6522195  0.6553053  0.6561736  0.66349435
 0.65781444 0.66334575 0.6625879  0.6640184  0.66734636 0.66639304
 0.667282   0.6711427  0.66961104 0.66970533 0.67021316 0.67002785
 0.668389   0.6701826  0.6679525  0.66799146 0.6688471  0.66846114
 0.66699696 0.66764295 0.66805243 0.6666332  0.6658198  0.6677439
 0.6676977  0.66866034 0.66905546 0.6681919  0.6686385  0.6684883
 0.6681048  0.66770595 0.6666561  0.66668195 0.66590905 0.66568935
 0.6651571  0.6667028  0.6661116  0.66576064 0.66502845 0.66667545
 0.6657332  0.6664031  0.6660912  0.6662732  0.66716576 0.6668078
 0.66737974 0.6672175  0.6679811  0.6683498  0.6693558  0.6690729
 0.66989434 0.6698669  0.66958016 0.6680975  0.67043763 0.6697605
 0.66960204 0.6689601  0.6678152  0.6664721  0.6663096  0.6660577
 0.6652275  0.6655486  0.665607   0.6651094  0.66461194 0.6641882
 0.6640196  0.66345704 0.66371423 0.6627767  0.66351545 0.66427654
 0.665058   0.6634761  0.6644855  0.6649301  0.6660952  0.66777325
 0.66925836 0.67116874 0.67116135 0.6751446  0.67679155 0.67656636]

data_casa_di_giulietta_train_DLinear_custom_ftMS_sl96_ll48_pl96_dm512_nh8_el2_dl1_df2048_fc1_ebtimeF_dtTrue_Exp_0  
mse:0.5974549055099487, mae:0.426163911819458, rse:0.7734808921813965, corr:[0.5928786  0.59570503 0.5930573  0.593588   0.5933592  0.5963907
 0.59425133 0.596909   0.5982932  0.6002506  0.6014224  0.6039712
 0.6048363  0.6046361  0.6047932  0.60464966 0.60571814 0.6076179
 0.60975593 0.61142254 0.6088934  0.60799927 0.60836107 0.60829794
 0.6064271  0.6077132  0.60780823 0.60671747 0.6058109  0.6078144
 0.60794586 0.60872525 0.60939556 0.6084201  0.6089109  0.60888356
 0.60843086 0.6080721  0.6070394  0.6071164  0.60649264 0.6059286
 0.6055434  0.60711044 0.6064024  0.60616475 0.6053956  0.6070036
 0.60609937 0.60672367 0.6063796  0.6065546  0.60741496 0.6072078
 0.60742116 0.6075148  0.6080874  0.6083393  0.6092116  0.6089795
 0.6098103  0.60950816 0.6092235  0.60831505 0.6104976  0.61008763
 0.60992473 0.6092931  0.6083552  0.60725576 0.607001   0.6074709
 0.6066604  0.60740125 0.60773873 0.6075603  0.6079609  0.6079914
 0.607569   0.606872   0.60775423 0.6068096  0.6066687  0.6079239
 0.60760796 0.606754   0.6063443  0.6068484  0.6070665  0.6083325
 0.6092009  0.6083143  0.61225736 0.6118146  0.615322   0.61267835]

data_casa_di_giulietta_train_PatchTST_custom_ftMS_sl96_ll48_pl96_dm512_nh8_el2_dl1_df2048_fc1_ebtimeF_dtTrue_Exp_0  
mse:0.6935592293739319, mae:0.43195641040802, rse:0.7432668805122375

data_casa_di_giulietta_train_DLinear_custom_ftMS_sl96_ll48_pl96_dm512_nh8_el2_dl1_df2048_fc1_ebtimeF_dtTrue_Exp_0  
mse:0.5974549055099487, mae:0.426163911819458, rse:0.7734808921813965, corr:[0.5928786  0.59570503 0.5930573  0.593588   0.5933592  0.5963907
 0.59425133 0.596909   0.5982932  0.6002506  0.6014224  0.6039712
 0.6048363  0.6046361  0.6047932  0.60464966 0.60571814 0.6076179
 0.60975593 0.61142254 0.6088934  0.60799927 0.60836107 0.60829794
 0.6064271  0.6077132  0.60780823 0.60671747 0.6058109  0.6078144
 0.60794586 0.60872525 0.60939556 0.6084201  0.6089109  0.60888356
 0.60843086 0.6080721  0.6070394  0.6071164  0.60649264 0.6059286
 0.6055434  0.60711044 0.6064024  0.60616475 0.6053956  0.6070036
 0.60609937 0.60672367 0.6063796  0.6065546  0.60741496 0.6072078
 0.60742116 0.6075148  0.6080874  0.6083393  0.6092116  0.6089795
 0.6098103  0.60950816 0.6092235  0.60831505 0.6104976  0.61008763
 0.60992473 0.6092931  0.6083552  0.60725576 0.607001   0.6074709
 0.6066604  0.60740125 0.60773873 0.6075603  0.6079609  0.6079914
 0.607569   0.606872   0.60775423 0.6068096  0.6066687  0.6079239
 0.60760796 0.606754   0.6063443  0.6068484  0.6070665  0.6083325
 0.6092009  0.6083143  0.61225736 0.6118146  0.615322   0.61267835]

data_casa_di_giulietta_train_PatchTST_custom_ftMS_sl96_ll48_pl96_dm512_nh8_el2_dl1_df2048_fc1_ebtimeF_dtTrue_Exp_0  
mse:0.5809080004692078, mae:0.3918647766113281, rse:0.7626946568489075

